0.18374035902411268	8.577508144156527	0
0.605239146707125	6.64404930870123	0
6.475125596973607	6.373075818396313	0
5.551287729580113	6.348731914674428	0
2.532820680035832	5.788426460480384	0
0.8054544945436359	5.975920716919326	0
8.487887465185931	5.427756946804455	0
2.3491560011808863	6.2517777974611235	0
4.612144045084695	9.146271054457634	0
3.3255269927499773	8.849525282289232	0
2.4431229089955266	7.966030329243271	0
1.6768904014439023	5.91573771355849	0
2.541902522993632	7.560170041464959	0
4.6228090657238425	5.429687177478017	0
1.4411216655253034	6.811529943025962	0
3.763255241517162	9.873443498959801	0
4.77977282277763	9.016345884603217	0
9.808000993279684	9.426685450887707	0
7.948674479418188	7.063772520088179	0
0.6114516845904883	5.998700981464725	0
1.9800389262205742	7.7219017079930685	0
5.297618560572039	5.162075820990446	0
9.526481515152412	8.88234085562456	0
9.932510715092315	6.962641666456532	0
9.279708811812366	8.253069693443766	0
8.28625533730592	5.251657294542521	0
9.265971449869939	9.524175827925038	0
4.551821510899845	9.361389927068833	0
2.5126654130161006	9.39369146923473	0
8.007566295202942	7.546909035479958	0
9.594873184946502	5.469587590191271	0
1.5470708500400965	5.754291201760208	0
6.586521073773552	8.078706543520859	0
3.9504256514031177	9.52561474892451	0
6.207690101036283	6.028762510173732	0
2.8319920854751333	6.5352842444346395	0
0.5872071426019188	9.1150016096693	0
6.740851833667008	8.097975173792427	0
9.54460210329433	6.784230693138776	0
0.24401741384839082	9.801482833399515	0
9.012164466193084	8.10180101228313	0
6.8109394555792955	7.381118051980548	0
5.167826812995392	9.275123859291051	0
8.241989608254464	7.348773100732343	0
0.29064083415367037	8.529362577363502	0
3.892517822085242	8.077736461980791	0
9.478624849290986	6.910622526709231	0
2.5078362172488444	9.537564999121525	0
9.023952481194408	9.544473572552075	0
1.633068994012763	5.776523114524011	0
9.788146429916623	7.221246662075217	0
4.109362173789971	6.795810491454998	0
4.649869622046179	7.053802305786581	0
1.686529880904627	6.288807424063853	0
2.268242063376913	9.438384364867677	0
7.8669202373039635	9.906497749613262	0
4.34676356311884	5.696256498051917	0
8.11436447715357	9.06922784153198	0
4.568147989579765	8.157976985329402	0
7.356998078720919	7.910227287605398	0
3.2959271439680906	6.952133373202951	0
8.10205390039081	7.700637006351442	0
5.714017957603894	8.013031168152077	0
7.427018180931234	7.639978750592683	0
1.8833680465138591	8.87770102417461	0
5.970521495246624	7.098847797052931	0
9.4570352863439	6.977970482967279	0
8.362683717402726	6.593069867789156	0
5.229395931336015	7.182890498151663	0
7.400414518858715	6.904109805627156	0
9.089594825842774	5.650335549565	0
0.6494612102809671	7.497621305712816	0
0.3639139466720531	7.070654513441637	0
2.080378649923266	7.289523207133005	0
1.4942925265178775	6.313638247249108	0
2.210309628112208	9.645636473985684	0
2.096774956029593	6.945820582711807	0
0.0029960026460162936	9.862419766304647	0
8.79556230972171	8.312954120226086	0
2.998379159073412	7.371717411820265	0
4.732610189128584	5.53699336776278	0
7.344297770193073	5.789656163256841	0
4.695726316258474	6.415206182212744	0
1.2371476207405907	8.570167377530177	0
7.328318073585855	7.678713654881349	0
2.098425582125052	7.7722271199304105	0
2.2594096318533485	8.363829997917916	0
8.46275064513147	6.697302306006566	0
7.845764735421016	8.516916815922405	0
1.735998550204172	5.623558085051198	0
4.030502425464549	8.75789800957567	0
3.5507436028636774	8.560894489996219	0
8.570112302769488	8.303795999704752	0
6.876439454783672	5.799554392826437	0
8.496987026036527	6.869106049270631	0
6.931574605469145	6.8437543980142665	0
6.811829730300111	8.909308573095622	0
2.9649624765814164	8.430089751148852	0
7.035630320293734	9.618553421761142	0
1.8828775381185936	8.063260450173956	0
3.8886631831663685	9.622711926577495	0
0.271040572513096	9.277287802050093	0
7.145035073122124	9.217513386980066	0
3.6621278228578436	5.1542900537177925	0
8.927840269189812	6.423397050554513	0
9.402265853941909	9.122031798609987	0
4.709252782765299	7.869735723190475	0
7.388054502623124	5.861501277761796	0
9.097769972253007	8.087434550624948	0
8.164836249831405	8.027262741036413	0
1.2287582190041046	5.017295236935292	0
6.993766978819584	8.014094151525217	0
1.4115816895561528	5.7810037272371115	0
0.43883247935591063	7.175844763212753	0
5.73028898933909	5.692311965025663	0
9.774553167826376	5.396438017046324	0
7.430657274558668	9.319853057883243	0
6.981020183477144	5.576415509900671	0
9.57413792529556	5.536457295945503	0
6.117393843912929	7.974725886695961	0
4.444691299279093	5.184990733443701	0
1.051178479523217	9.671275243109545	0
4.095626211359942	7.25844801157484	0
5.798409048813795	6.969638407600805	0
5.2577796562544385	6.972351907263581	0
7.709699829427578	9.14666071864073	0
3.5450040104458393	9.530376572025304	0
4.324642632347514	9.5781969631435	0
4.6151271425204365	5.5435841668913755	0
7.062624899519488	8.969126570072905	0
9.018631225747527	9.715285769824494	0
4.624094957900143	7.568094802168358	0
7.28713420465346	5.340051025754093	0
3.6070872232862183	6.790302287221729	0
4.328886741054104	5.5328316292219775	0
6.709499188671465	6.192169089678225	0
9.815051478572162	5.324621148473554	0
1.22884747544855	5.818314578375929	0
1.5706390672460124	9.759297125585167	0
8.351113795751177	7.149029302608733	0
8.418983685519926	6.206549590888288	0
9.044606334036029	9.939940365749571	0
4.340756651393207	7.7075317793969536	0
7.101151853657033	8.705445055282562	0
8.315762141455469	7.4689090230532775	0
9.0303445160947	7.064007038610756	0
9.469696108367945	7.901936661707309	0
0.6515707826986417	6.700744626689978	0
7.654653679529623	5.222156213116094	0
5.220493376343982	9.545538694040195	0
6.001721407305672	8.339961733177944	0
2.8896492111198233	9.637407004702032	0
6.8981297901984835	9.385055319817488	0
3.874944481108403	5.318016761213984	0
1.6790806680698012	5.350303489618575	0
2.47316862656914	8.846537028562443	0
0.8006055284750668	6.889005955122359	0
1.2251244420449015	8.824096635068067	0
2.658871142648509	5.338868273914295	0
9.037654781618151	8.174385270047214	0
5.291364318506554	9.76208985539451	0
4.749055755937114	6.145245776471024	0
2.019245378386021	7.265087083632689	0
4.399939986120188	8.505784039295683	0
6.808579912858094	7.871564856389153	0
5.684722935132087	7.080974444997068	0
5.8371978318818165	6.717858800922568	0
6.691034079187309	6.4525300781936785	0
5.578790969908002	9.65551128184102	0
8.355692062064092	5.814030726428036	0
7.877363834432694	7.086560276727188	0
1.7964323810894889	7.712205609802181	0
6.264467317764599	8.783591244154712	0
1.1516556245805076	8.293671360497395	0
3.1102560662347845	8.839849814020738	0
0.8362708341747283	8.720336344978755	0
6.444748242440235	6.425688277163672	0
7.944378070960147	7.638539692884869	0
4.958730349758471	8.80077577865538	0
9.326459713691543	7.793710424403573	0
2.1995949621284305	9.344968809548531	0
9.61804583741986	5.426127168253185	0
5.457101250244442	9.62225878701677	0
7.928392375245306	8.62090485384653	0
7.456937937212434	6.472163355148247	0
5.603260865400362	5.172931233576788	0
4.765477074532219	7.712641257748203	0
4.361911774560367	8.924706557794739	0
7.764294905819808	8.046121386443334	0
1.2709765562662056	5.9507233743148635	0
9.392991103578442	6.5352741046979546	0
0.236885699491014	8.667944133842422	0
3.988105803388302	8.301820396578258	0
8.836396616520055	8.88170363476625	0
9.16360098633443	7.3324312058630605	0
3.442117276001526	7.412080135177606	0
0.45264542155424525	8.258486977492304	0
2.5965055228167797	6.851339419033469	0
9.823174074308602	8.157416902764846	0
2.2989673784434936	5.0966963162996	0
7.405590985801563	6.583189336801585	0
1.9500464642626703	7.461018830429113	0
5.952118197440352	6.480912159313078	0
5.421549949250069	6.129244764535763	0
1.3123020172985322	6.291937043937526	0
1.0724824862346805	5.815110041676766	0
9.17126854694063	6.887426809015926	0
9.400260102797475	8.085201147633319	0
6.604947990787395	8.80372798096331	0
0.9583850724213572	7.710620986040119	0
6.934410774523316	6.922480556025783	0
1.4622798311647456	6.907192320321176	0
6.6327288753388025	9.753630705868439	0
4.238229533340249	9.365999247797033	0
4.724601164413182	8.614260408563526	0
5.208945506300755	7.3385107476768425	0
4.9984650375391375	7.009450052275527	0
1.8329526116158368	8.030694455451656	0
6.548852363733081	6.52844238304454	0
9.279543014140636	8.855619005632526	0
6.927398967330428	9.584894516072193	0
1.1363983955083434	7.70670972345375	0
5.02135630864855	9.529352419500897	0
7.955765661831412	9.43599730403381	0
4.9488005391352505	5.045833566621822	0
4.557328927150291	6.011882242233051	0
2.7956074569354628	8.135971171552647	0
8.048957897568254	6.082256694878873	0
1.5104976333590525	7.190761544149079	0
9.04337509430109	5.8126658180944	0
5.294555651210411	5.392232497889937	0
5.428397340412987	6.080123069438499	0
0.14474907640501522	8.491900297722156	0
6.646365691738495	9.893549879608392	0
4.996422848543558	6.237286740122707	0
2.7584852968847553	9.791134364211649	0
6.7273609653248325	9.992462871705138	0
3.571026152777689	6.452998707401198	0
6.33356857562347	8.846640441346864	0
9.090071437271135	9.563369250778532	0
6.715994661238497	5.174934854606815	0
3.958522534666616	9.997841626316173	0
1.2195599278930247	5.3194876032887635	0
6.37370656810536	9.931085415469106	0
4.992456560971586	9.325534262677703	0
1.131870935679442	8.969709320062107	0
8.087729068163007	9.110490357526913	0
7.454516168141278	5.815784240441478	0
5.563146334536474	8.520920367144239	0
3.6575950463773763	5.66988967739125	0
3.5823677755860572	5.995383322084221	0
1.7577814158533123	5.304168799036983	0
4.999733201903513	6.62617229898172	0
4.580249541750203	7.907370970597537	0
1.248099886347066	8.173195058738436	0
4.410528847497072	7.838391076493487	0
2.8426593546423806	8.516977237596386	0
4.789532533935873	7.7498296892841845	0
2.6083102756979635	7.6565185107079685	0
3.868249250301722	8.35473119214868	0
3.881372706150498	8.04641788950845	0
9.472812795222387	8.7870174741592	0
7.140651326788308	8.05797356584382	0
6.7820636685190125	6.536871899012039	0
8.270300129626605	5.837240637299928	0
6.155945659801674	8.189368447624306	0
7.896502764994544	6.879406970590175	0
1.0463839280375875	7.029185999054015	0
5.236782709433574	6.078870218010486	0
5.891204272330251	7.752255271711361	0
0.7890285153752707	8.8485499016345	0
2.0752613487968596	9.562914752562532	0
1.9712095408303787	5.646078307356309	0
1.5049681400013304	7.709826814091521	0
4.213264923794239	7.671498369548456	0
4.161990294829493	9.84315957486875	0
7.129758481022918	6.074028757335791	0
0.9353524057084861	5.279122763677958	0
0.5665202262229352	5.737301057308324	0
8.144156998904037	5.855206728482266	0
4.310496902112058	7.508101352619074	0
9.025582221461754	5.962150865369608	0
0.5040305546972612	7.422676080499279	0
8.935375778160104	5.977578838307952	0
2.9762388592106648	5.0579051521567555	0
8.746220760956824	6.255230238528191	0
1.3052700789487182	9.413031359210338	0
7.778133263355356	5.821304902992291	0
7.4691780606637606	5.176560445713859	0
5.389307997244016	6.208382420486296	0
4.8942289449628955	7.371186871998619	0
4.831177100187091	6.756267627582617	0
1.295101730567455	5.55830272978354	0
5.558236773525454	5.079915010440548	0
2.9133791460847522	8.055647617705937	0
9.902872160562396	9.216312643517131	0
1.8570154482041268	9.68935088864504	0
0.21391295869379046	7.647612598221373	0
7.021325442223488	7.452153032833868	0
4.370428176076472	5.915376621311712	0
9.67759625649359	5.376886484582394	0
7.184426999404375	7.800901768448906	0
3.3649482756561913	8.887341986973944	0
6.347007919218876	6.263257812426821	0
8.227067730689194	8.481297737933053	0
6.7078202591360325	7.875310664021161	0
8.790066337446577	7.8684946294876745	0
5.902469439021259	6.853793777037588	0
1.1071700634149595	5.7812225790056795	0
6.655583291880878	6.58373551417418	0
6.808425868680079	6.768030550110895	0
5.509255062060202	9.7980286674165	0
0.026429788789175124	6.948315501799247	0
4.042824437753094	8.121313302385404	0
7.750323113953962	7.925892110094566	0
5.6682295781045315	8.295529739868382	0
4.377808294988491	7.951461763018061	0
9.15239400155676	8.605485285808275	0
7.815652105648395	7.571209520568537	0
9.276387521839622	7.8530038686092665	0
1.7405438955264785	6.482134194710236	0
8.71918710560838	9.989115297544668	0
8.157356302110541	9.007992403044282	0
7.809050515730075	9.028392821406467	0
4.221164958667423	9.219982832298564	0
5.001089765402584	7.045365019078217	0
2.819628546817005	8.303394914099995	0
3.667275397594195	9.8019630301208	0
1.6095258868986184	7.421246277210837	0
1.7718584869912757	9.243488894402574	0
6.513917424407659	5.156931121120944	0
2.001123249907418	6.4312265064125915	0
9.916184542771811	7.006830694009936	0
6.069441330100416	9.996738954569432	0
6.6178347689710035	7.339422400365793	0
5.187715967591951	8.553530952596716	0
9.198600353647526	5.733080060832575	0
6.642267772704715	5.879911739584831	0
4.365507012679325	7.7891030664422605	0
4.766268082812256	5.061158099990876	0
1.9915474864085825	7.964280910288495	0
0.9830478099677864	8.223776890333639	0
0.9424205107381978	7.957152876869426	0
4.7664365222947325	9.036901599697465	0
9.085295610802879	5.892974981645814	0
3.2467192327416052	5.929333472534112	0
1.1052748033070792	7.081085845463951	0
3.5409677208235104	5.339416701021681	0
1.4679513457670756	7.835959651304952	0
1.2085798668406045	7.573300486547857	0
7.507124949339872	9.764803197436736	0
9.668221342599491	7.978046814554735	0
1.7741264885341024	8.2873728248187	0
1.5531261905965088	9.065792922326109	0
4.5794058150592605	5.235297083237283	0
5.990559681052579	6.027040732580603	0
9.206858154060058	7.866269418639251	0
5.538361457411104	6.861180313658314	0
3.34374361370285	9.902638430355314	0
5.336306189671712	7.3905970530281	0
4.3922765991557045	5.100987089846399	0
2.107259647980373	5.666967333254708	0
7.71305122733784	6.021555585369915	0
7.045524401409578	8.745540555912752	0
4.095394086681389	7.569298315760581	0
3.050643732950107	9.884292070887478	0
8.27688331462454	7.369907050766483	0
0.087185511980159	7.594544190543066	0
5.710496707136354	5.792417446845381	0
3.685879174516681	6.107332210225788	0
3.080148682466496	6.03101743880647	0
6.192843087154038	7.82459912407527	0
1.9547667818032721	9.03809543611891	0
1.4352836305523975	8.345482558107944	0
8.232560759317792	5.928893263047503	0
8.778102434119411	9.418624914801066	0
5.707650502149651	6.456332697120581	0
4.044541495067197	6.022135021996454	0
5.193909255423491	9.699249950547893	0
7.486365886777252	8.544432895730154	0
8.470957575888782	9.389382072375483	0
3.2594683498231616	6.218161735777137	0
6.449745467545876	7.03875776487669	0
5.223096965827361	5.982196359178593	0
7.642298967609963	5.307452255402067	0
9.116828272822497	7.032618312701654	0
7.259610027404335	5.506161732539443	0
2.6029065218068013	8.136531460100315	0
4.643561523470443	6.699156437228452	0
1.9392221547724342	9.67116331958533	0
8.782469885259989	8.380658605547213	0
3.363869341611961	9.855080894264761	0
2.6298045044249942	6.664325104548013	0
2.3964081049574215	8.614201117084434	0
0.8641229280571072	7.608191967794085	0
1.6574577485450648	8.233326657821575	0
1.278131468157061	9.64485630994606	0
5.663121877116348	7.281761999564226	0
0.43354611073061156	8.940205773986886	0
2.316801719762905	9.153610849439394	0
5.766524136809511	8.26476039812001	0
3.8241123539652544	5.556762296989104	0
0.8793706659221789	9.490188292706105	0
6.034111619017323	6.523881157855916	0
4.462706415928455	5.291082728996806	0
0.5391200652680384	8.922029960565194	0
2.3665311477172146	9.457849148805726	0
1.5569530205463444	9.090572172781151	0
6.474947714651509	5.009645690786899	0
4.334915512931424	8.371013820032088	0
6.493582665463968	9.298011589076063	0
9.102459044757387	6.838740539120273	0
5.097513210724407	7.414080471847693	0
3.503283087583201	7.294427589922588	0
8.417339508896555	5.390392751801615	0
5.8827889876029875	9.971057244106152	0
6.5800722647309415	6.2666981553501575	0
1.9343210947575695	5.789589496563815	0
7.8500791708447135	7.051108193008274	0
6.816515599641012	5.538412759107768	0
9.751029133839964	9.55967135377363	0
0.3789151522467671	9.868944550321565	0
4.305510079276522	5.413290005060624	0
9.622894995592251	6.034266742778886	0
7.885628558862824	7.2478586761365005	0
4.521086609414569	5.0080888487484945	0
1.9078836680823508	7.385979810674708	0
4.293636613080465	7.659037731547063	0
0.3287660015121441	7.401541438026865	0
1.5727371224541253	8.521382549388353	0
9.430057296557855	7.174762914144381	0
1.5247811562761326	5.634588058385761	0
1.3211548785048788	9.155393882643686	0
9.934799581357403	9.737763379352412	0
5.744788371972035	5.4765363053231795	0
4.556332288437548	9.31284726475869	0
2.711545977385339	7.050554211345895	0
6.598663783903294	5.147197789495765	0
7.408639493804498	9.371004433821463	0
7.630687978054179	6.961904853305808	0
2.1639293781614177	7.830689002744555	0
2.2387549634586392	9.408267130422775	0
6.042135446828657	8.411808807625642	0
3.864895130172311	7.956941198311071	0
2.1741218916790386	9.03009164758938	0
8.276057056478882	7.159944206252272	0
2.3716123637955544	5.754139907274657	0
0.8672480719153397	8.752648070974962	0
6.967349577562807	5.970247440174996	0
0.8057516115137875	6.255431217357607	0
2.787941746289655	9.045837518789634	0
4.892320748217614	9.324589222248319	0
8.693412625765886	5.197950222277501	0
2.403283286510921	5.9465271528181365	0
4.082657965905421	9.464035172862083	0
9.740471474222588	6.661933676003451	0
5.498826203194028	8.876466874067352	0
6.949259481386468	5.499282380837521	0
0.4003833175188287	7.329943425257324	0
0.5967602774040004	7.78152612475159	0
0.20227197508165817	5.989088554105758	0
7.674299086446918	5.086189308398809	0
8.014063797488484	5.8641343876669385	0
3.0300348129199293	8.810028901546943	0
3.41221768493042	6.868750099507705	0
7.607168942028516	7.358187681698154	0
8.114563799911576	9.88090010824998	0
9.409623235171082	6.088128934927697	0
5.378689401685862	6.575460017513771	0
8.917448160178639	6.723479299260974	0
4.756984689119056	6.537369824303849	0
0.9072820962003803	6.292548191750806	0
9.498212591986556	7.337388753462877	0
7.071430029243064	7.427049101882065	0
7.450269238956007	5.245132980764077	0
8.669258876047936	8.402021545995684	0
1.5814779422089786	7.4235199833761705	0
6.263974559412537	5.9250444496319705	0
4.966577327524476	5.214755333738081	0
6.461944275532636	6.284644881026748	0
8.876283521044494	8.582322151329397	0
2.7118525253270898	8.550477193482836	0
0.973892953839699	8.665203978259235	0
7.083545100258552	9.844354461048118	0
3.8834084651338854	7.9670879585987056	0
9.605187565271363	5.339221507239746	0
1.24814284296624	6.711868202600178	0
1.2953908641804746	9.238609709450074	0
6.910088944196845	7.95822367768317	0
7.08541872284119	8.666063818642844	0
1.694251317066251	8.251446420902639	0
2.21117321057685	6.785742668915498	0
4.958494962716884	6.947004929092369	0
4.127591625890503	8.655427138272769	0
4.4268494425119975	5.993864530034431	0
7.217421465858318	7.754442720118502	0
9.42644797942359	6.623194801460487	0
4.125602296210876	8.145197906575667	0
6.106641732054122	5.71607021279873	0
1.9482175658314849	7.992208024431013	0
6.708098750839446	8.625286529943027	0
0.15158905383192978	6.284050216648396	0
8.654129970169127	6.573971236350086	0
7.341215932370721	4.369959132231188	1
7.409580099088515	1.818350552344854	1
3.200791354178716	3.8010127585537523	1
9.286132994861505	2.0261705382262187	1
7.720692532929437	1.4635550537416253	1
2.5974386727090892	0.13574248556748492	1
9.961008377182107	2.8090874100414043	1
3.368631041979193	1.1211427186957201	1
4.90443638782661	4.358899558067062	1
1.2761943747524007	0.1660255786456022	1
6.458364524807969	4.6654107170928665	1
6.3881576404551605	0.8608982498360773	1
5.286398911569106	1.1344131318032225	1
3.5975235044475307	3.8524273415428123	1
0.509320064154758	1.0929897051772053	1
7.961446641301148	4.180787498220808	1
0.032334799826707616	3.1955760866388427	1
6.759060027710888	4.739904730186391	1
0.8431898386702152	0.0595860916918145	1
6.82253149817932	2.814183230859544	1
9.58006514542068	2.6320086117928545	1
0.30547758429181116	1.3095071869763797	1
5.480585073437824	4.807746681290276	1
4.20459291222734	4.325686075217705	1
0.00806795906016844	4.755544828365662	1
0.6529430118725699	2.154296415248286	1
3.57738723273748	0.9159130835283513	1
3.259483757409385	0.3779122219781139	1
5.421492246636896	0.8787629079951387	1
8.267174369501893	4.2157959662552456	1
0.16927892227123542	0.14393488106483665	1
3.146507997868456	4.295281867559675	1
5.73235226237304	2.8724114314323534	1
6.453653367804567	1.807657772452449	1
6.386215640407123	4.4310463139844085	1
7.450024870153485	0.3948685646801098	1
4.424011876319542	2.2132981025411347	1
4.108809623239882	2.6349667875293803	1
7.077201622560263	3.5501167869518238	1
0.8857589691103385	0.6453240915072211	1
0.08046554395724437	1.908530919292587	1
7.942609428330528	4.5405934287762975	1
9.418254061319152	3.663440729938169	1
5.814571691200432	1.7055121996721034	1
9.449268733960572	1.2660487038961976	1
7.678045523463583	0.09052286854984049	1
3.1674003888083657	4.10542263119979	1
5.759857164149772	4.9586624013084135	1
4.58956910833825	1.326040542784055	1
9.453146714573542	0.0833118445947012	1
0.1617839849349345	2.5433699929501263	1
4.215303925433952	1.6985818922633356	1
9.25698723146571	1.9538675265646477	1
6.160331581477579	4.256755774595659	1
1.950843204653191	4.512329521169811	1
4.659421688614357	4.891086186779852	1
7.4434494937954465	1.1250199082866463	1
2.44345341805385	0.5085285544134988	1
8.763802481926762	2.812733530295638	1
1.1910391536186893	0.16996947164315657	1
1.1340979745805002	2.920076812126726	1
8.559378349455113	2.8315839571053125	1
1.1174481009488468	0.37981197205952166	1
8.978569606522889	1.3255413286700213	1
8.21815650076198	3.5224780663764923	1
7.967660635647855	3.225624213057394	1
7.282412456788147	0.5871895886985257	1
0.6089682165277188	0.880845141720803	1
2.7019575987752766	2.9740802479641317	1
4.700127594238347	0.6001901057985559	1
7.05509472993446	4.391714541884227	1
8.678599258757693	3.6713819884636525	1
4.559191878532478	1.838527063367278	1
8.276340938671265	0.7187153015819814	1
8.365877034327054	1.2714899345483366	1
4.411844641567223	4.315419319791962	1
4.468658162148351	1.5045633367998346	1
7.206518447098832	0.6982634371559193	1
0.550493675411251	1.2020653373735979	1
9.842764636602263	2.6451911818898486	1
8.335085972375943	1.886704640866178	1
7.660451765823801	0.5425959828451432	1
2.6779612592192983	3.7807413041837457	1
1.9187105482282352	4.3288232020801	1
7.8203043250576005	3.5458303474688293	1
5.212224535029485	1.404594727385765	1
0.5146841994741613	1.1632722984330268	1
3.0126072901699152	2.5524203931820164	1
6.290348859538946	1.826744969357047	1
6.4775661836823994	0.2943717215762298	1
4.405273007076608	3.2668254365705742	1
9.17128774936838	3.5563467501996184	1
7.72966718554411	2.844078052413618	1
2.375100360609812	0.5218321318042773	1
3.031542060483333	3.4212360448017822	1
5.9942992567614874	1.705973510682166	1
8.423036450292336	3.058257230024447	1
3.9710159524981883	0.20232089900527273	1
5.463592663415344	2.7205698949604793	1
1.3827778147020153	3.251741161544177	1
7.728848342166595	4.578373159822853	1
9.769069781428962	0.6219408877004129	1
2.5229951499751992	1.570845894079822	1
8.147910619678099	3.3822980813722103	1
4.620129595123412	4.403510298074233	1
6.148205583559093	0.25423883133915637	1
8.353807493224695	4.341294839880757	1
0.18989813525615573	4.333875414990855	1
7.462946426944499	0.8809392701970831	1
0.2036303650524085	3.7932231173594113	1
7.071024409071093	1.4320859911646044	1
4.354760839551454	2.9336748798348147	1
7.178737577579443	3.5890439434251653	1
6.427991639545531	0.9931105144473795	1
2.591191161701465	4.939915597858649	1
4.390334870430625	1.141518999685085	1
7.050399320938292	0.3771706096384775	1
0.21144552902766178	4.897047932237238	1
3.755058547176884	3.156037732704026	1
3.419878717821904	2.395718403642866	1
0.7614496803612381	0.852671700765979	1
4.120105303251101	3.37367332338548	1
1.700438230812219	2.417100749636989	1
7.265207842597521	1.2966878187088882	1
9.88785251472885	2.5504310470947567	1
7.192389354628038	0.3217831889768541	1
4.944004680476601	2.773231772677315	1
3.1630952784376474	4.729120879745672	1
1.6756956215892571	0.8162256541576363	1
5.370999954644016	3.9258795512319846	1
4.741871032674921	0.5441232801134188	1
9.419457747356073	3.5403372706856437	1
3.1661676099280758	3.612098633381019	1
4.553160269040229	1.612536946479649	1
3.2910577816880826	3.449784515844019	1
9.79381598148435	4.30369942253528	1
9.156068546677162	3.024405668200434	1
8.551654420619048	0.0400893593215379	1
7.627723098914792	3.110580363958606	1
1.5910076793713102	2.5821920559052245	1
5.904357651141475	0.21615411773787008	1
6.836524207847946	4.0766808710854265	1
8.548486767975104	1.0115297862720973	1
0.3119568122556049	0.8369522852422273	1
5.692127727286913	3.227181773582035	1
8.949435216909038	2.523178907723558	1
4.661152768232535	1.7870622236358191	1
9.662250960220556	4.4028591430064505	1
2.6326856091311015	0.12186051029155043	1
3.683835878712606	2.960132943120375	1
2.8654524508714108	3.3676597942350295	1
8.709916512261655	4.924261743807482	1
5.587451752603671	2.3510053908828676	1
0.30359042074042275	1.3324579894608335	1
8.706361481897511	4.899352618725108	1
8.179861368466671	4.844715113111924	1
0.1870018556096109	2.114962439046717	1
4.411558095614488	0.5813133261837122	1
6.667501325913273	4.408350353941843	1
3.557650404457605	3.8670758700962935	1
6.263108947655098	4.8684225241784995	1
9.093093537308306	0.7029338362636917	1
0.6903307404025083	3.390000408595464	1
1.3512930757580843	0.15343310591230064	1
0.18184050768163873	3.7011036546963725	1
4.601433193402712	0.6013000139623026	1
0.3966648864294864	1.027176583578584	1
1.734019707210197	4.643911184819722	1
9.21813407823535	2.098809150414821	1
9.229527424596194	1.7494472330288369	1
7.661299774657731	2.2318034782942875	1
6.221382731886285	1.7672755177892752	1
5.301779270716774	3.3993857752048653	1
1.446079201885483	2.5990364506693107	1
3.8022107638060443	3.8231453268608084	1
6.032859999006347	4.298876367914334	1
6.234210869220004	4.097579272243178	1
8.18643247858795	3.6628822809635975	1
3.0311145769474224	1.420271186704859	1
1.2826413111400503	1.6553310414698619	1
8.671960060735328	2.2570365204453546	1
4.628188699587889	1.0420360199304934	1
3.0965048399637074	4.507321288168753	1
9.867398821105768	3.9009066152781857	1
9.488357563372837	0.17525745850267893	1
6.162750650373746	2.2982633009234386	1
8.484378448776175	4.112193773869709	1
6.311018895278067	2.1317338245069664	1
7.23785779329134	3.340386071247546	1
3.378145755333696	0.6692251873326815	1
5.667621925968611	0.1793495886205898	1
6.686776603923455	4.79248700302072	1
1.8709143709344467	1.4707377308698866	1
5.7629634899187785	3.261488539751465	1
8.884674324473387	4.140126935715164	1
6.236829130348369	1.1475787659644	1
8.852245823517627	3.3790572085373025	1
0.7334913541365473	0.5355807366801146	1
4.947822101700795	1.7064662861457158	1
5.451207963611981	3.4517987738025657	1
2.7900553569080753	4.587922303812854	1
0.47425859671793025	1.6688548083754284	1
5.6890495101126035	1.2537270551780444	1
4.369536264601763	0.5555694574892733	1
8.445848762936606	0.8732294862201595	1
6.3544000166661085	1.6512052827019008	1
6.459603307292254	2.296793685840548	1
5.978797034955915	1.7918850275668419	1
6.718597656419342	1.5712781127286835	1
9.664653025184371	3.5902972055681595	1
9.567280047592915	2.235484658434863	1
8.06128689342614	0.8438844933378586	1
6.638489737505731	1.7209201178038314	1
0.07756073447283685	3.917472698688428	1
8.835864170567584	3.366845669934757	1
1.6590588922343363	0.5064113262221315	1
8.455833509104282	1.099634539723069	1
0.6701794626866553	0.25859669485378767	1
9.256080587840826	0.8587169345820012	1
3.9302044434877637	4.8012991074945095	1
9.391380481143324	0.0709620758017282	1
8.229947196271395	2.965244498421391	1
8.353091198101358	2.430160595748576	1
6.725286904148527	4.470951944269395	1
7.760803770258081	3.93043123130032	1
9.69917635769344	4.285365594441631	1
9.892497825713445	3.8151229199281578	1
0.16789657342233144	0.4727025912887939	1
2.3400334166121173	3.008821304447078	1
1.843076151851094	4.627773962028057	1
0.2258217056610523	2.488135809661082	1
4.965834600848046	3.228465775312216	1
7.5488050590651685	1.1929036888405642	1
8.643438274648323	4.320855733844276	1
8.779809359843151	2.9291381651145465	1
7.736508480848606	3.940797693892347	1
1.9948105695522989	2.1296724453853844	1
7.682524971730999	4.66707193000234	1
2.0879297190193666	1.6550437088164993	1
3.2965450530387996	1.9487863808593475	1
4.3972014114793465	1.9304476826059591	1
2.1796560897046513	2.410650428478134	1
0.619158664785121	4.176639346562938	1
7.612334122542076	1.399076559838267	1
5.162186472644489	2.5890131261276816	1
5.580383987976165	0.3889578154621165	1
0.6359416479478774	0.3531425394072729	1
9.36349074405619	1.5564334078584552	1
3.6290685753822705	3.620108318698242	1
8.961228078163078	2.324498701825879	1
5.993964246813657	0.3841074405010325	1
9.54468268649526	1.344121866165997	1
8.301401976785908	2.1492797277111397	1
3.666574407529546	3.148201437855316	1
7.111020147530329	0.829131957430157	1
5.073182056493777	2.8897129746189867	1
5.294746601632862	4.2625421632932	1
3.6439958282280305	3.4801899569165515	1
2.476157823097256	3.0241733566576	1
4.481240099360329	1.677488593965939	1
2.1066936818253423	0.25300959946681134	1
7.866379165395601	2.201824258356818	1
2.907309552161151	1.5445421991000696	1
4.4800274104074465	2.6344993196533784	1
8.614230012800693	4.24462204652449	1
3.8906593194147385	1.0268972437225554	1
3.288936280006931	1.3564616336068325	1
9.665263851489742	3.8502206260199543	1
1.3016993051703118	0.34200306265896097	1
0.7446909630292942	3.9025371963808775	1
6.863759704159315	4.936416677524349	1
8.606272490903299	3.64991260576099	1
7.3264119577736615	3.8803945908447792	1
2.5435318279296637	3.1758978132891924	1
1.546829900077089	0.6713930849342453	1
3.2544408154835502	2.0012911313472683	1
8.806095142219336	2.034235961864297	1
4.608564770607924	1.3552617906445064	1
3.1617186239802084	4.497034237310267	1
5.391535327650962	2.907576652031616	1
7.899950326992277	0.5402420737738045	1
0.9714024309940872	1.4703302400848595	1
5.318847304313632	2.7022885753804573	1
4.210622948135266	3.1473688709518655	1
1.3834982429167564	4.8966811623945965	1
6.450194014182053	1.8425765191172305	1
5.191728160504502	0.38454994704344103	1
1.0567349020863581	4.824948253868967	1
3.0816443021429194	2.849941437999628	1
4.229623616721686	3.54414500798503	1
7.998227244198436	4.250220831256347	1
1.7180023663716248	3.5908039870611095	1
9.865598852400348	4.94282651614606	1
1.415782652361628	2.7823847607466448	1
7.875632968335717	2.0876818566563538	1
0.10829903987561673	2.6524913502541345	1
6.4363798080769925	0.10590518963016549	1
7.252638091151724	3.161171356976199	1
8.880982916579189	4.294474898735279	1
9.51731435065754	3.4647789089391265	1
4.526517336523467	2.4590898714338616	1
7.352369316801191	3.1906511144847673	1
8.91502394754194	3.4315857639478864	1
3.2244385688814923	3.1007918042250915	1
6.215975144509606	0.756703958447682	1
0.1571395506644213	4.507913805485609	1
2.3527388910488845	2.267425529671787	1
1.1780460351531141	2.4002524467134476	1
3.5784134079980365	1.2054475585766489	1
7.331938428194001	0.6302156473313614	1
7.474585342294277	0.6790105586375772	1
3.4661245905393	1.6771787189344556	1
2.0395118455112793	0.8950775190116056	1
1.5702807625190773	0.13673538107964012	1
4.553085455159608	3.0490146429183804	1
8.264605710941225	1.7566131617115488	1
0.5734813224476687	0.11986271594745745	1
3.2680429721769433	4.393325441125789	1
5.085461053418197	3.849804545450807	1
8.377116142974874	3.0955569112271073	1
3.1146545157564254	0.7876946149753761	1
4.515737428974235	4.934592278353552	1
6.772842446679253	4.776577365102056	1
2.030585103239649	1.8981777102026653	1
5.770347738454106	2.4078995176982843	1
8.746645177990946	4.026707590128114	1
3.6479843732612336	0.3087893412726084	1
6.388581359680052	4.781390154449254	1
7.484965495356306	2.8880121736244844	1
8.001721017495395	0.8854683049158629	1
9.565312272435595	3.877149387759874	1
7.178113860994508	4.19113855113647	1
7.862641135988557	3.3635037143491306	1
9.479435927941417	2.826015289901127	1
5.222363339031869	3.052578572843002	1
0.2438347002551433	0.9870542715283626	1
7.312193598184021	1.0152785221874683	1
4.696911746175344	3.6729853423713834	1
1.6644480540418616	1.0163195144009585	1
4.139372880646613	2.034201895929076	1
5.844767892086562	4.106613357858756	1
3.106125669354901	0.4475750663929201	1
8.473455784604951	3.358908642655034	1
8.586746078097212	1.2639015653785557	1
5.84402155569258	4.52282714568784	1
5.183704401420497	1.9653494796034854	1
1.7897526058204838	3.7250282633820806	1
8.491546411962762	1.3984871138880561	1
2.153758881352629	3.2844611543995006	1
4.010565034583617	0.6607222305251881	1
3.2021914988196674	0.8863496308175711	1
0.00572876531355071	1.2059462922545872	1
9.142058703116401	2.5787222284285836	1
5.334324981451174	0.27063538277831034	1
6.729115760928464	4.633629792964276	1
4.995548636734082	3.6498285705662847	1
1.2385948934847646	2.2473831966160454	1
4.6080393834903	0.9107162053075435	1
1.5853896009015012	1.753866523419696	1
0.3306891350437735	3.3182909686972497	1
5.788488136411426	3.1313280357940467	1
8.615390654515451	2.1870503966388863	1
6.609231363213263	1.523481604428798	1
1.646473193587873	0.10662798034633769	1
1.4545783962918557	0.13819254084877386	1
5.398702198450721	2.080965785359834	1
5.60230328184081	1.3936486560326133	1
6.177004216913021	3.52914347956962	1
9.282874137101368	1.3646487112142203	1
6.650560482846474	2.5673254960027014	1
8.117381110889912	2.0418918129258845	1
9.60902044801193	0.2836895490050151	1
1.2166122554898895	2.121652806787402	1
6.988967484645032	4.670295034297956	1
0.5442381535438767	1.7665165864373478	1
7.14674385966953	2.84530704236299	1
1.239290235760211	2.2849470298695174	1
6.430812017696224	0.2367425994122463	1
0.6863815048868849	4.32405300266174	1
1.3839581831464598	2.094137261463729	1
8.560582231823428	1.9640330372602988	1
4.6007287588682075	4.461001960250645	1
3.8132113560968195	2.7286147376023004	1
3.706709731582789	0.6524534056557896	1
5.789984532610318	2.1618382752546395	1
7.203325047995268	1.028197755850464	1
1.1390192464807036	3.1921231892439126	1
5.463546415725629	3.259792024778867	1
8.866445281129154	4.18669460910756	1
9.216859697583065	0.13680052166227696	1
9.826795307521353	0.956878590392114	1
4.025603584603585	0.8498879754800737	1
2.512386619266743	0.6890516817854553	1
2.6445700252392266	0.04321689273014573	1
3.3554737114612676	1.1641387830973893	1
1.1722348737217914	4.280014096283025	1
9.537240601004788	1.2546674577596506	1
2.4241838388485872	1.0380237516856616	1
3.4391603865316736	0.8243608190778673	1
7.01764796122228	0.6230370034753374	1
1.609754915906133	1.7525863825846033	1
9.359802133758775	2.670824969392073	1
8.125957859305373	4.121474669544521	1
4.233897626985592	2.090105331586667	1
2.980909341483602	3.5120703499995667	1
0.6123740450893345	4.961269897239186	1
5.685353371741834	2.3578228182879144	1
4.413311037469924	4.114183460300139	1
1.844041775698616	2.4727774302975103	1
4.299643473384496	3.5280288257508685	1
2.604424795778532	3.4586758484517754	1
2.0452272209513622	0.03918449163090143	1
6.827296178005684	2.8835840472754004	1
2.5455946849044397	3.175138898112656	1
7.229999031192337	1.83502708610362	1
1.0283348581455043	4.1647338412860835	1
9.943631267027458	2.2264852936399926	1
7.577157979265837	1.1856798822593007	1
6.309640747879771	1.427784872939687	1
6.3533705115497385	3.57371027885401	1
9.317357228216778	4.050569571046107	1
6.951598354874533	0.1806419344569843	1
0.08859235745336203	4.093950989988321	1
0.011589052155990265	3.917504585977806	1
4.588531038642461	2.637242023389348	1
0.21994350173178523	4.06919019117009	1
2.981530673362861	2.561115287323296	1
8.902554817790325	3.4222890141185944	1
6.607489360261717	4.384651149462765	1
2.5539439137740705	2.1265402950386036	1
6.934585156619474	1.2234365367747257	1
1.4341789621794032	4.23744918591784	1
9.940753038490778	3.491499324911238	1
8.70568762626916	3.1965580633186983	1
5.48215435575692	1.7268604560503664	1
6.382490497885399	0.3292394819201183	1
2.4513701676084567	4.584835238298321	1
8.613499248047393	3.815727470562681	1
4.461649073201903	2.0571430408861024	1
1.2620278130068885	3.505379234314925	1
3.3290570322434077	2.2751556892496048	1
0.7632010675765721	0.5454111614466683	1
0.6829173768200281	3.7471361223516233	1
7.813339489837166	4.251853933692865	1
0.9408609416374858	1.798498143294004	1
2.571021611785025	0.4604858916134591	1
4.888827216000601	4.55743366933932	1
4.48662277888448	2.3664231906963487	1
6.590660653395698	1.9049454962170698	1
5.205428587739293	3.9656808954206166	1
3.541863289679882	3.5673813174724387	1
1.504074247363798	3.031446337088617	1
7.970142014893985	3.568861630947282	1
2.1910727098671656	1.1435273663715761	1
4.148712434059671	4.6952547953530335	1
1.4917399251354735	2.3072581703803827	1
3.73598767477655	0.07547523791447963	1
5.720083507847877	1.3754485508053504	1
7.352577102145429	0.41857153084926324	1
1.2629198126998098	1.8419123043540098	1
5.955152955959355	4.940215891253522	1
3.7729967178579917	3.7947643702991787	1
7.353401255478898	2.4658528179002257	1
9.439619910137022	2.3825538079671906	1
4.273983055337055	2.1119632042584646	1
0.4306092526559979	3.816123803452951	1
7.275776312032352	0.9888064088295767	1
5.533366427922704	2.7755592393330164	1
8.047388568521178	1.6596557775023157	1
0.33342526280098483	2.2309409110090597	1
5.886459932445586	4.144141989308353	1
1.8904478340893727	1.047023419866031	1
5.5281699101504165	2.491202738786966	1
2.9149653263097806	0.38469046620863145	1
1.6944548636728318	0.9798410616261333	1
5.73904356840817	4.963456066064696	1
5.321983631321619	2.9533047919072333	1
9.288370564127117	1.9329359182401407	1
6.056984202981889	4.378112001687152	1
4.0230849385418255	1.3401311981451736	1
3.5806544418145436	3.7901944163697054	1
6.759321873916669	4.288538473518666	1
8.006643184871368	4.4201410084365556	1
0.5670065975248695	0.16367253851378827	1
2.2540341190739523	2.209078592362983	1
5.9702851405036075	0.09598424562090035	1
9.246239104701742	3.4631779715779185	1
0.4147049523834523	4.835573063152761	1
2.1611309964234318	4.470828273852585	1
3.7357469513405306	3.8322290430296455	1
2.3855868362138546	4.72777266540885	1
8.662891459432398	1.4068525302945412	1
5.665144347820517	4.145510113451804	1
3.960088841531059	2.7818332023806303	1
9.025669427567006	4.156424357319151	1
4.182611800045705	1.9137430325650295	1
3.974913524451875	1.0391952401232674	1